ADC CHANNEL   VOLTAGE   TIME
0   1.0791579332865384   0
1   1.0780328989532153   0
2   -0.00037501144444105353   0
3   1.0689076204718162   0
0   1.0761578417310098   0.11522626876831055
1   1.0737827692495499   0.11522626876831055
2   -0.00037501144444105353   0.11522626876831055
3   1.0689076204718162   0.11522626876831055
0   1.0760328379161963   0.21431756019592285
1   1.0741577806939908   0.21431756019592285
2   -0.000500015259254738   0.21431756019592285
3   1.0687826166570025   0.21431756019592285
0   1.0766578569902645   0.3147892951965332
1   1.0742827845088045   0.3147892951965332
2   -0.00037501144444105353   0.3147892951965332
3   1.0684076052125615   0.3147892951965332
0   1.0761578417310098   0.41466283798217773
1   1.0741577806939908   0.41466283798217773
2   0.000500015259254738   0.41466283798217773
3   1.0684076052125615   0.41466283798217773
0   1.0759078341013824   0.5134942531585693
1   1.0739077730643634   0.5134942531585693
2   -0.000250007629627369   0.5134942531585693
3   1.0684076052125615   0.5134942531585693
0   1.0770328684347057   0.6132767200469971
1   1.0737827692495499   0.6132767200469971
2   -0.000250007629627369   0.6132767200469971
3   1.0689076204718162   0.6132767200469971
0   1.0764078493606373   0.7136383056640625
1   1.0740327768791773   0.7136383056640625
2   -0.000500015259254738   0.7136383056640625
3   1.0676575823236794   0.7136383056640625
0   1.0767828608050785   0.8127107620239258
1   1.0744077883236183   0.8127107620239258
2   -0.000500015259254738   0.8127107620239258
3   1.0684076052125615   0.8127107620239258
0   1.0767828608050785   0.9113931655883789
1   1.0731577501754814   0.9113931655883789
2   -0.000500015259254738   0.9113931655883789
3   1.0680325937681203   0.9113931655883789
0   1.076907864619892   1.011225700378418
1   1.072532731101413   1.011225700378418
2   -0.00037501144444105353   1.011225700378418
3   1.0682826013977476   1.011225700378418
0   1.0767828608050785   1.1103711128234863
1   1.0732827539902952   1.1103711128234863
2   0.000500015259254738   1.1103711128234863
3   1.0680325937681203   1.1103711128234863
0   1.0764078493606373   1.2098076343536377
1   1.0739077730643634   1.2098076343536377
2   -0.000250007629627369   1.2098076343536377
3   1.0684076052125615   1.2098076343536377
0   1.0767828608050785   1.3102033138275146
1   1.0735327616199226   1.3102033138275146
2   -0.000500015259254738   1.3102033138275146
3   1.0682826013977476   1.3102033138275146
0   1.0762828455458235   1.4080166816711426
1   1.0736577654347361   1.4080166816711426
2   -0.000500015259254738   1.4080166816711426
3   1.0690326242866297   1.4080166816711426
0   1.0759078341013824   1.5064661502838135
1   1.074532792138432   1.5064661502838135
2   0.00037501144444105353   1.5064661502838135
3   1.0695326395458846   1.5064661502838135
0   1.0761578417310098   1.6048598289489746
1   1.0767828608050785   1.6048598289489746
2   -0.0007500228888821071   1.6048598289489746
3   1.0692826319162572   1.6048598289489746
0   1.0759078341013824   1.7057981491088867
1   1.0747827997680595   1.7057981491088867
2   -0.00037501144444105353   1.7057981491088867
3   1.069407635731071   1.7057981491088867
0   1.0760328379161963   1.805161476135254
1   1.0754078188421277   1.805161476135254
2   -0.00037501144444105353   1.805161476135254
3   1.0700326548051393   1.805161476135254
0   1.0755328226569416   1.9045131206512451
1   1.074532792138432   1.9045131206512451
2   -0.000500015259254738   1.9045131206512451
3   1.0690326242866297   1.9045131206512451
0   1.076532853175451   2.0062685012817383
1   1.0744077883236183   2.0062685012817383
2   -0.000500015259254738   2.0062685012817383
3   1.0687826166570025   2.0062685012817383
0   1.0757828302865688   2.1054160594940186
1   1.0750328073976867   2.1054160594940186
2   -0.00037501144444105353   2.1054160594940186
3   1.069407635731071   2.1054160594940186
0   1.0755328226569416   2.204695701599121
1   1.0744077883236183   2.204695701599121
2   -0.000500015259254738   2.204695701599121
3   1.0699076509903258   2.204695701599121
0   1.074907803582873   2.3045241832733154
1   1.0756578264717551   2.3045241832733154
2   -0.00037501144444105353   2.3045241832733154
3   1.0704076662495805   2.3045241832733154
0   1.0746577959532455   2.405184507369995
1   1.0760328379161963   2.405184507369995
2   0.0001250038148136845   2.405184507369995
3   1.0724077272865995   2.405184507369995
0   1.0757828302865688   2.502825975418091
1   1.0764078493606373   2.502825975418091
2   -0.00037501144444105353   2.502825975418091
3   1.0735327616199226   2.502825975418091
0   1.0752828150273142   2.6026906967163086
1   1.0760328379161963   2.6026906967163086
2   -0.00037501144444105353   2.6026906967163086
3   1.08803320413831   2.6026906967163086
0   1.0849081087679677   2.7065041065216064
1   1.0871581774346142   2.7065041065216064
2   1.08328305917539   2.7065041065216064
3   1.089908261360515   2.7065041065216064
0   1.084033082064272   2.804283380508423
1   1.0871581774346142   2.804283380508423
2   1.0830330515457625   2.804283380508423
3   1.0889082308420057   2.804283380508423
0   1.0846581011383403   2.902169942855835
1   1.0855331278420364   2.902169942855835
2   1.0841580858790856   2.902169942855835
3   1.0877831965086826   2.902169942855835
0   1.0715327005829036   3.0011866092681885
1   0.0   3.0011866092681885
2   1.0754078188421277   3.0011866092681885
3   1.079282937101352   3.0011866092681885
0   1.0691576281014437   3.101696014404297
1   -0.00037501144444105353   3.101696014404297
2   1.0762828455458235   3.101696014404297
3   1.0746577959532455   3.101696014404297
0   1.0700326548051393   3.1996476650238037
1   0.00037501144444105353   3.1996476650238037
2   1.076907864619892   3.1996476650238037
3   1.0757828302865688   3.1996476650238037
0   1.0704076662495805   3.300255060195923
1   -0.001000030518509476   3.300255060195923
2   1.0784079103976563   3.300255060195923
3   1.0730327463606677   3.300255060195923
0   1.0702826624347666   3.3991944789886475
1   -0.00037501144444105353   3.3991944789886475
2   1.0779078951384014   3.3991944789886475
3   1.0717827082125309   3.3991944789886475
0   1.0710326853236487   3.497549057006836
1   -0.000500015259254738   3.497549057006836
2   1.078907925656911   3.497549057006836
3   1.0691576281014437   3.497549057006836
0   1.0715327005829036   3.5962116718292236
1   -0.0006250190740684225   3.5962116718292236
2   1.0779078951384014   3.5962116718292236
3   1.0780328989532153   3.5962116718292236
0   1.0874081850642414   3.696760892868042
1   1.0831580553605764   3.696760892868042
2   1.0871581774346142   3.696760892868042
3   1.0785329142124698   3.696760892868042
0   1.087283181249428   3.797915458679199
1   1.0831580553605764   3.797915458679199
2   1.0871581774346142   3.797915458679199
3   1.0786579180272835   3.797915458679199
0   1.0874081850642414   3.89621901512146
1   1.0830330515457625   3.89621901512146
2   1.0867831659901732   3.89621901512146
3   1.0786579180272835   3.89621901512146
0   1.0866581621753593   3.9950575828552246
1   1.0837830744346446   3.9950575828552246
2   1.0871581774346142   3.9950575828552246
3   1.0719077120273448   3.9950575828552246
0   1.0771578722495194   4.095767974853516
1   1.0851581163975952   4.095767974853516
2   1.0871581774346142   4.095767974853516
3   1.0782829065828423   4.095767974853516
0   1.0871581774346142   4.1965553760528564
1   1.082908047730949   4.1965553760528564
2   1.0865331583605458   4.1965553760528564
3   1.0794079409161657   4.1965553760528564
0   1.0866581621753593   4.294845104217529
1   1.084033082064272   4.294845104217529
2   1.0861581469161046   4.294845104217529
3   1.0824080324716943   4.294845104217529
0   1.0867831659901732   4.394576549530029
1   1.084408093508713   4.394576549530029
2   1.0867831659901732   4.394576549530029
3   1.080032959990234   4.394576549530029
0   1.086408154545732   4.4954400062561035
1   1.0729077425458542   4.4954400062561035
2   -0.000250007629627369   4.4954400062561035
3   1.0676575823236794   4.4954400062561035
0   1.0767828608050785   4.592562437057495
1   1.0757828302865688   4.592562437057495
2   -0.00037501144444105353   4.592562437057495
3   1.0712826929532762   4.592562437057495
0   1.076532853175451   4.691109895706177
1   1.0767828608050785   4.691109895706177
2   0.0   4.691109895706177
3   1.0739077730643634   4.691109895706177
0   1.0744077883236183   4.788823366165161
1   1.0772828760643332   4.788823366165161
2   -0.00037501144444105353   4.788823366165161
3   1.0742827845088045   4.788823366165161
0   1.0747827997680595   4.888589859008789
1   1.076532853175451   4.888589859008789
2   -0.000500015259254738   4.888589859008789
3   1.0866581621753593   4.888589859008789
0   1.0842830896938993   4.986717462539673
1   1.086033143101291   4.986717462539673
2   1.0825330362865078   4.986717462539673
3   1.0890332346568192   4.986717462539673
0   1.084033082064272   5.087764024734497
1   1.086408154545732   5.087764024734497
2   1.0822830286568803   5.087764024734497
3   1.0876581926938689   5.087764024734497
0   1.0850331125827815   5.185968399047852
1   1.0856581316568499   5.185968399047852
2   1.0750328073976867   5.185968399047852
3   -0.00037501144444105353   5.185968399047852
0   1.0766578569902645   5.284914970397949
1   1.0751578112125004   5.284914970397949
2   1.0686576128421887   5.284914970397949
3   -0.0006250190740684225   5.284914970397949
0   1.0771578722495194   5.384366512298584
1   1.0747827997680595   5.384366512298584
2   1.0700326548051393   5.384366512298584
3   -0.000500015259254738   5.384366512298584
0   1.0779078951384014   5.484710931777954
1   1.0739077730643634   5.484710931777954
2   1.0686576128421887   5.484710931777954
3   -0.00037501144444105353   5.484710931777954
0   1.0776578875087741   5.583900451660156
1   1.0740327768791773   5.583900451660156
2   1.0690326242866297   5.583900451660156
3   -0.00037501144444105353   5.583900451660156
0   1.0777828913235878   5.683121919631958
1   1.0755328226569416   5.683121919631958
2   1.084033082064272   5.683121919631958
3   1.0821580248420668   5.683121919631958
0   1.0857831354716636   5.7851574420928955
1   1.084408093508713   5.7851574420928955
2   1.0859081392864771   5.7851574420928955
3   1.0805329752494888   5.7851574420928955
0   1.0861581469161046   5.88473105430603
1   1.0837830744346446   5.88473105430603
2   1.0847831049531542   5.88473105430603
3   1.0806579790643025   5.88473105430603
0   1.0821580248420668   5.985905408859253
1   1.0754078188421277   5.985905408859253
2   -0.00037501144444105353   5.985905408859253
3   1.0730327463606677   5.985905408859253
0   1.0759078341013824   6.0861029624938965
1   1.0735327616199226   6.0861029624938965
2   0.000500015259254738   6.0861029624938965
3   1.0667825556199837   6.0861029624938965
0   1.0770328684347057   6.184980392456055
1   1.0729077425458542   6.184980392456055
2   -0.000250007629627369   6.184980392456055
3   1.0676575823236794   6.184980392456055
0   1.076907864619892   6.28491473197937
1   1.0732827539902952   6.28491473197937
2   -0.000250007629627369   6.28491473197937
3   1.0642824793237098   6.28491473197937
0   1.0791579332865384   6.38391637802124
1   1.0737827692495499   6.38391637802124
2   -0.000500015259254738   6.38391637802124
3   1.0671575670644247   6.38391637802124
0   1.0777828913235878   6.483108043670654
1   1.0729077425458542   6.483108043670654
2   -0.000250007629627369   6.483108043670654
3   1.0671575670644247   6.483108043670654
0   1.0764078493606373   6.58545446395874
1   1.0739077730643634   6.58545446395874
2   -0.000250007629627369   6.58545446395874
3   1.067407574694052   6.58545446395874
0   1.0759078341013824   6.684635639190674
1   1.0727827387310405   6.684635639190674
2   0.000500015259254738   6.684635639190674
3   1.0667825556199837   6.684635639190674
0   1.0756578264717551   6.7846105098724365
1   1.0724077272865995   6.7846105098724365
2   -0.00037501144444105353   6.7846105098724365
3   1.0682826013977476   6.7846105098724365
0   1.076532853175451   6.884623765945435
1   1.0722827234717855   6.884623765945435
2   -0.0006250190740684225   6.884623765945435
3   1.067032563249611   6.884623765945435
0   1.0774078798791467   6.982797384262085
1   1.0715327005829036   6.982797384262085
2   -0.000500015259254738   6.982797384262085
3   1.0665325479903562   6.982797384262085
0   1.0761578417310098   7.082255601882935
1   1.0729077425458542   7.082255601882935
2   -0.000500015259254738   7.082255601882935
3   1.0669075594347972   7.082255601882935
0   1.0757828302865688   7.181228399276733
1   1.072157719656972   7.181228399276733
2   -0.000250007629627369   7.181228399276733
3   1.0665325479903562   7.181228399276733
0   1.0761578417310098   7.279739856719971
1   1.0729077425458542   7.279739856719971
2   -0.0001250038148136845   7.279739856719971
3   1.0675325785088658   7.279739856719971
0   1.0755328226569416   7.379578113555908
1   1.0726577349162267   7.379578113555908
2   -0.00037501144444105353   7.379578113555908
3   1.067407574694052   7.379578113555908
0   1.0756578264717551   7.48018479347229
1   1.0729077425458542   7.48018479347229
2   0.0001250038148136845   7.48018479347229
3   1.067032563249611   7.48018479347229
0   1.0759078341013824   7.579597234725952
1   1.0729077425458542   7.579597234725952
2   -0.00037501144444105353   7.579597234725952
3   1.067782586138493   7.579597234725952
0   1.0752828150273142   7.677278757095337
1   1.0726577349162267   7.677278757095337
2   -0.0007500228888821071   7.677278757095337
3   1.0679075899533068   7.677278757095337
0   1.074532792138432   7.775942325592041
1   1.0732827539902952   7.775942325592041
2   -0.000500015259254738   7.775942325592041
3   1.067782586138493   7.775942325592041
0   1.0752828150273142   7.875397682189941
1   1.0737827692495499   7.875397682189941
2   -0.000500015259254738   7.875397682189941
3   1.0679075899533068   7.875397682189941
0   1.0747827997680595   7.97505521774292
1   1.0735327616199226   7.97505521774292
2   -0.0006250190740684225   7.97505521774292
3   1.0672825708792384   7.97505521774292
0   1.0764078493606373   8.075939655303955
1   1.0736577654347361   8.075939655303955
2   -0.0001250038148136845   8.075939655303955
3   1.068532609027375   8.075939655303955
0   1.0750328073976867   8.175084352493286
1   1.0736577654347361   8.175084352493286
2   -0.000500015259254738   8.175084352493286
3   1.0684076052125615   8.175084352493286
0   1.0747827997680595   8.274515867233276
1   1.0739077730643634   8.274515867233276
2   -0.000500015259254738   8.274515867233276
3   1.0680325937681203   8.274515867233276
0   1.0755328226569416   8.375330209732056
1   1.0736577654347361   8.375330209732056
2   -0.000500015259254738   8.375330209732056
3   1.0676575823236794   8.375330209732056
0   1.0747827997680595   8.476372480392456
1   1.0737827692495499   8.476372480392456
2   -0.00037501144444105353   8.476372480392456
3   1.0686576128421887   8.476372480392456
0   1.0754078188421277   8.575122356414795
1   1.0735327616199226   8.575122356414795
2   -0.00037501144444105353   8.575122356414795
3   1.0682826013977476   8.575122356414795
0   1.0746577959532455   8.673997640609741
1   1.0736577654347361   8.673997640609741
2   -0.000500015259254738   8.673997640609741
3   1.0684076052125615   8.673997640609741
0   1.0746577959532455   8.771827220916748
1   1.0741577806939908   8.771827220916748
2   -0.0006250190740684225   8.771827220916748
3   1.0684076052125615   8.771827220916748
0   1.0742827845088045   8.87053370475769
1   1.0734077578051087   8.87053370475769
2   -0.0001250038148136845   8.87053370475769
3   1.0675325785088658   8.87053370475769
0   1.0754078188421277   8.968886375427246
1   1.0731577501754814   8.968886375427246
2   0.0   8.968886375427246
3   1.0675325785088658   8.968886375427246
0   1.0755328226569416   9.067447662353516
1   1.0724077272865995   9.067447662353516
2   -0.0001250038148136845   9.067447662353516
3   1.0672825708792384   9.067447662353516
0   1.0750328073976867   9.167154312133789
1   1.072157719656972   9.167154312133789
2   -0.00037501144444105353   9.167154312133789
3   1.067407574694052   9.167154312133789
0   1.0756578264717551   9.265982866287231
1   1.0726577349162267   9.265982866287231
2   -0.000500015259254738   9.265982866287231
3   1.0669075594347972   9.265982866287231
0   1.0761578417310098   9.366444110870361
1   1.0730327463606677   9.366444110870361
2   -0.0007500228888821071   9.366444110870361
3   1.0697826471755119   9.366444110870361
0   1.0757828302865688   9.464841842651367
1   1.072532731101413   9.464841842651367
2   -0.000500015259254738   9.464841842651367
3   1.067032563249611   9.464841842651367
0   1.0760328379161963   9.565455198287964
1   1.0731577501754814   9.565455198287964
2   -0.000500015259254738   9.565455198287964
3   1.0676575823236794   9.565455198287964
0   1.0757828302865688   9.663915872573853
1   1.0730327463606677   9.663915872573853
2   -0.00037501144444105353   9.663915872573853
3   1.0675325785088658   9.663915872573853
0   1.0751578112125004   9.7641441822052
1   1.0726577349162267   9.7641441822052
2   -0.00037501144444105353   9.7641441822052
3   1.0676575823236794   9.7641441822052
0   1.0755328226569416   9.86246395111084
1   1.0734077578051087   9.86246395111084
2   0.000500015259254738   9.86246395111084
3   1.0682826013977476   9.86246395111084
0   1.0755328226569416   9.960981369018555
1   1.0735327616199226   9.960981369018555
2   -0.000500015259254738   9.960981369018555
3   1.067407574694052   9.960981369018555
